65.33513 81.86847
66.41264 86.76009
67.34258 68.75764
68.42361 70.85534
69.43426 68.79727
70.42230 64.69522
71.48696 59.77441
72.52411 56.69384
73.48419 54.77274
74.46982 52.57873
75.44489 58.76647
76.45052 40.69484
77.43336 60.71551
78.41886 38.62372
79.47743 38.54115
80.45782 40.50394
81.45946 45.60102
82.45745 33.59423
83.43406 38.55537
84.45099 31.52277
85.48436 31.44054
86.44187 31.56378
87.42741 29.43791
88.45846 31.19558
89.43979 32.40878
90.53087 26.53361
91.43685 27.54341
92.49173 30.39104
93.54013 18.38357
94.49274 22.39103
95.57643 22.37626
96.52535 29.31392
97.49427 20.37397
98.50751 16.27157
99.50820 22.11824
100.56789 21.14980
101.47396 22.09145
102.55233 26.30163
103.57063 18.17872
104.55102 20.14151
105.51599 14.33619
106.59470 18.27379
107.52864 17.10263
108.54410 11.22849
109.49783 14.35007
110.52768 17.06176
111.56208 16.16180
112.51864 17.03463
113.55175 17.15683
114.54477 9.10241
115.52507 11.13335
116.58347 11.18706
117.57030 8.03903
118.57572 10.13777
119.53348 10.05657

