68.66710 77.96106
65.71578 134.81624
66.65974 108.87448
67.67318 104.94036
69.71854 118.87163
70.68791 92.93014
71.70382 91.90262
72.63344 79.04030
73.65612 86.00593
74.67370 86.95075
75.67623 70.14455
76.65309 83.02666
78.63837 86.05765
77.63170 67.98492
79.63748 65.20297
80.62532 61.06098
81.61335 57.12660
82.60981 63.15770
83.62475 60.98831
85.66431 68.06830
84.63573 54.14759
86.61345 48.25116
87.62760 45.14750
88.67394 50.03726
89.63505 44.33789
90.60504 49.12305
91.60318 27.12649
92.58179 42.08475
93.61986 37.21663
94.61026 36.08504
95.61016 46.16462
96.62114 39.32391
97.63775 39.12685
98.59446 28.23713
99.60034 45.37560
100.60182 27.32371
101.64482 28.26879
102.63865 31.18568
103.59800 23.41017
104.54107 26.43034
105.55610 24.36476
106.56805 18.66592
107.61606 25.52801
108.60487 22.52789
109.56748 18.59325
110.63572 19.33098
111.60844 27.33416
112.59382 20.28556
113.58783 23.41007
114.57251 15.53102
115.59018 16.57964
116.56545 27.59323
117.57607 20.33728
118.59040 17.44124
119.50902 21.60302

